18036057
89567993
8873112
80584548
19665973
16768387
14785765
98239899
53167658
14089428
14087893
55351724
71413901
50243722
85087012
9596126
94192409
8267140
14618326
7572887
15341821
99745551
77538567
88685329
53982768
87621407
83274244
95816395
28649820
98045062
40921545
72429240
5284653
4058065
74131780
50078509
27243130
47325505
6631034
12423762
69247929
97017120
80280944
78658564
18658572
75500286
60229110
47025270
100278013
10045474
70744296
96235275
83968380
43685562
82041999
70070211
17948378
71587526
68779682
23898021
27551
36326160
73810864
34664411
25727454
22046459
84754430
66022706
15800838
82199284
4929256
69279219
83011278
5318639
87649699
60306104
98414735
38761908
2376209
61420130
35035481
70899775
56840658
98645731
55144522
70828912
9798352
4178474
2830693
87567063
32807846
67835547
41091257
20584712
56120475
26202165
73915051
60391791
3819470
3717252
77723643
30328508
33904024
95956346
4148264
15947754
60694662
73729209
23205979
48422921
19280589
18282103
76305638
4206964
79759861
27753563
7608148
38992735
78010363
94215860