98444741
46052429
18036057
54912977
9156135
84430950
2134346
40619825
94853057
78783370
39168895
61127349
65240384
5405694
72989439
39507162
25551951
2204140
14087893
29401950
87910978
71413901
97077563
11384280
72892473
85087012
57953380
95727991
36468556
57139487
91623717
4031928
9596126
16956455
79853073
94192409
17375316
31036355
57728570
84970821
58851034
70095154
34124316
3370104
70074904
24508238
33423043
48092532
7572887
77538567
53129443
40737112
1102515
31829185
74117290
93554166
35027493
87621407
44763025
72426662
69579761
9637706
11961740
23557835
67095270
81674782
76922029
76039636
71218746
55773067
60082869
11324436
53046408
98045062
76909279
63749102
5556668
74131780
78706415
52503575
66788016
51632798
56594520
69140098
73698349
97017120
42703248
47606319
45894482
85306040
78004197
79571449
25262697
37101832
63695531
24317029
85742772
41172955
40659562
88789641
26412047
98446407
18144507
19613556
61740673
79575620
35052053
73431236
83968380
77585513
24068492
83986578
40640057
88240808
85602018
102380
25773409
3136426
69162969
23171610
62279055
59344077
85852291
32362575
98494543
31560081
95492061
2460565
28933734
29549364
22609617
94667532
22046459
44656491
15800838
15960641
41482598
44095762
22359980
4929256
43040603
83764719
74848038
33508719
69279219
47507260
83011278
5318639
16587243
80344569
4335645
16226786
71044499
17449108
29843091
45141844
74191942
63356631
74270067
8842266
67169062
55144522
70828912
34717238
77044671
12580477
4178474
73125233
58577036
37576645
86445415
2851070
32807846
22589918
27174286
83555666
33950246
51452091
93016201
70046172
57281778
61441708
56120475
73648243
26202165
16222645
73915051
27053506
23401839
95956346
55713623
32619583
8131171
60694662
82732705
73752131
6733059
97169186
45986603
84290642
41420027
57617178
68005187
31553716
84636823
1669772
29228529
38275183
23205979
3510565
41006930
41872150
72302403
18895832
73628505
42829885
95281259
26205777
36361633
35316708
53582587
64697231
4206964
3055837
12538374
46918794
33184167
34853266
43586926
45939841
60806437
56747793
53839837
12607053
38992735
77754944
78010363
3078576
13839120
51945556
17259470
88472456